1
2
3
4
5
6
7
8
9
10
11
12
13
14
15
16
17
18
19
20
21
22
23
24
25
26
27
28
29
30
31
32
33
34
35
36
37
38
39
40
41
42
43
44
45
46
47
48
49
50
51
52
53
54
55
56
57
58
59
60
61
62
63
64
65
66
67
68
69
70
71
72
73
74
75
76
77
78
79
80
81
82
83
84
85
86
87
88
89
90
91
92
93
94
95
96
97
98
99
100
101
102
103
104
105
106
107
108
109
110
111
112
113
114
115
116
117
118
119
120
121
122
123
124
125
126
127
128
129
130
131
132
133
134
135
136
137
138
139
140
141
142
143
144
145
146
147
148
149
150
151
152
153
154
155
156
157
158
159
160
161
162
163
164
165
166
167
168
169
170
171
172
173
174
175
176
177
178
179
180
181
182
183
184
185
186
187
188
189
190
191
192
193
194
195
196
197
198
199
200
201
202
203
204
205
206
207
208
209
210
211
212
213
214
215
216
217
218
219
220
221
222
223
224
225
226
227
228
229
230
231
232
233
234
235
236
237
238
239
240
241
242
243
244
245
246
247
248
249
250
251
252
253
254
255
256
257
258
259
260
261
262
263
264
265
266
267
268
269
270
271
272
273
274
275
276
277
278
279
280
281
282
283
284
285
286
287
288
289
290
291
292
293
294
295
296
297
298
299
300
301
302
303
304
305
306
307
308
309
310
311
312
313
314
315
316
317
318
319
320
321
322
323
324
325
326
327
328
329
330
331
332
333
334
335
336
337
338
339
340
341
342
343
344
345
346
347
348
349
350
351
352
353
354
355
356
357
358
359
360
361
362
363
364
365
366
367
368
369
370
371
372
373
374
375
376
377
378
379
380
381
382
383
384
385
386
387
388
389
390
391
392
393
394
395
396
397
398
399
400
401
402
403
404
405
406
407
408
409
410
411
412
413
414
415
416
417
418
419
420
421
422
423
424
425
426
427
428
429
430
431
432
433
434
435
436
437
438
439
440
441
442
443
444
445
446
447
448
449
450
451
452
453
454
455
456
457
458
459
460
461
462
463
464
465
466
467
468
469
470
471
472
473
474
475
476
477
478
479
480
481
482
483
484
485
486
487
488
489
490
491
492
493
494
495
496
497
498
499
500
501
502
503
504
505
506
507
508
509
510
511
512
513
514
515
516
517
518
519
520
521
522
523
524
525
526
527
528
529
530
531
532
533
534
535
536
537
538
539
540
541
542
543
544
545
546
547
548
549
550
551
552
553
554
555
556
557
558
559
560
561
562
563
564
565
566
567
568
569
570
571
572
573
574
575
576
577
578
579
580
581
582
583
584
585
586
587
588
589
590
591
592
593
594
595
596
597
598
599
600
601
602
603
604
605
606
607
608
609
610
611
612
613
614
615
616
617
618
619
620
621
622
623
624
625
626
627
628
629
630
631
632
633
634
635
636
637
638
639
640
641
642
643
644
645
646
647
648
649
650
651
652
653
654
655
656
657
658
659
660
661
662
663
664
665
666
667
668
669
670
671
672
673
674
675
676
677
678
679
680
681
682
683
684
685
686
687
688
689
690
691
692
693
694
695
696
697
698
699
700
701
702
703
704
705
706
707
708
709
710
711
712
713
714
715
716
717
718
719
720
721
722
723
724
725
726
727
728
729
730
731
732
733
734
735
736
737
738
739
740
741
742
743
744
745
746
747
748
749
750
751
752
753
754
755
756
757
758
759
760
761
762
763
764
765
766
767
768
769
770
771
772
773
774
775
776
777
778
779
780
781
782
783
784
785
786
787
788
789
790
791
792
793
794
795
796
797
798
799
800
801
802
803
804
805
806
807
808
809
810
811
812
813
814
815
816
817
818
819
820
821
822
823
824
825
826
827
828
829
830
831
832
833
834
835
836
837
838
839
840
841
842
843
844
845
846
847
848
849
850
851
852
853
854
855
856
857
858
859
860
861
862
863
864
865
866
867
868
869
870
871
872
873
874
875
876
877
878
879
880
881
882
883
884
885
886
887
888
889
890
891
892
893
894
895
896
897
898
899
900
901
902
903
904
905
906
907
908
909
910
911
912
913
914
915
916
917
918
919
920
921
922
923
924
925
926
927
928
929
930
931
932
933
934
935
936
937
938
939
940
941
942
943
944
945
946
947
948
949
950
951
952
953
954
955
956
957
958
959
960
961
962
963
964
965
966
967
968
969
970
971
972
973
974
975
976
977
978
979
980
981
982
983
984
985
986
987
988
989
990
991
992
993
994
995
996
997
998
999
1000
1009
1016
1027
1034
1043
1044
1052
1072
1085
1094
1099
1105
1115
1162
1167
1174
1179
1185
1189
1220
1225
1248
1262
1267
1276
1278
1279
1287
1288
1308
1317
1320
1327
1329
1331
1338
1370
1388
1420
1429
1455
1462
1468
1469
1474
1477
1486
1489
1512
1517
1518
1523
1527
1536
1545
1550
1557
1568
1570
1572
1616
1617
1633
1637
1643
1649
1661
1671
1677
1706
1716
1717
1728
1732
1734
1752
1775
1782
1834
1836
1896
1899
1900
1905
1912
1915
1923
1925
1930
1931
1942
1954
1980
1986
1987
1992
1996
2005
2031
2036
2075
2081
2094
2096
2102
2130
2136
2154
2183
2194
2195
2208
2212
2249
2258
2262
2268
2269
2285
2299
2305
2320
2326
2334
2359
2370
2378
2388
2396
2422
2437
2445
2456
2457
2461
2462
2466
2472
2487
2492
2503
2509
2533
2537
2558
2561
2587
2598
2613
2622
2652
2662
2669
2671
2673
2695
2704
2710
2714
2717
2739
2750
2755
2793
2797
2830
2831
2840
2843
2860
2876
2881
2882
2884
2886
2888
2896
2920
2925
2928
2936
2941
2944
2946
2952
2970
2980
2986
3012
3027
3030
3032
3036
3060
3074
3087
3088
3099
3126
3133
3136
3143
3146
3152
3153
3155
3171
3175
3177
3190
3195
3200
3206
3222
3258
3261
3286
3307
3338
3352
3359
3379
3383
3390
3395
3396
3400
3429
3433
3434
3439
3477
3520
3522
3528
3532
3536
3545
3551
3553
3554
3570
3572
3574
3577
3578
3586
3589
3602
3630
3644
3648
3659
3670
3678
3700
3707
3710
3733
3740
3747
3790
3817
3842
3843
3845
3857
3859
3888
3890
3895
3904
3907
3914
3927
3942
3963
3978
3987
3991
3993
3994
4009
4014
4021
4044
4046
4054
4064
4070
4079
4081
4084
4107
4108
4129
4145
4166
4171
4174
4175
4185
4189
4197
4200
4212
4214
4217
4221
4228
4255
4261
4264
4268
4275
4293
4297
4308
4340
4353
4362
4364
4365
4367
4376
4380
4383
4386
4398
4403
4432
4433
4440
4447
4463
4477
4497
4498
4511
4522
4533
4555
4558
4592
4606
4612
4613
4614
4636
4644
4645
4647
4650
4658
4666
4670
4677
4686
4693
4695
4701
4706
4708
4711
4750
4752
4755
4763
4766
4789
4795
4797
4799
4803
4804
4806
4812
4829
4850
4858
4874
4883
4891
4897
4916
4932
4950
4988
4998
4999
5007
5012
5029
5048
5051
5052
5053
5074
5089
5114
5122
5134
5145
5148
5165
5167
5173
5184
5190
5197
5201
5202
5207
5212
5228
5238
5247
5249
5290
5308
5312
5315
5328
5336
5337
5361
5375
5378
5383
5386
5397
5422
5423
5433
5456
5462
5468
5470
5472
5497
5511
5532
5541
5546
5561
5569
5574
5582
5600
5635
5639
5652
5660
5668
5683
5684
5693
5696
5698
5700
5705
5751
5763
5765
5787
5808
5815
5827
5829
5836
5865
5873
5890
5895
5909
5910
5915
5923
5951
5953
5970
5989
5995
6005
6008
6033
6057
6062
6069
6078
6098
6103
6149
6156
6170
6172
6186
6203
6206
6232
6239
6270
6272
6280
6284
6293
6302
6309
6319
6333
6337
6344
6357
6366
6370
6380
6384
6392
6397
6419
6432
6436
6440
6444
6449
6452
6464
6467
6481
6491
6502
6509
6522
6532
6537
6547
6549
6551
6561
6566
6570
6585
6615
6635
6637
6641
6660
6668
6669
6680
6682
6712
6719
6740
6757
6758
6767
6790
6794
6795
6800
6804
6810
6814
6818
6863
6871
6877
6881
6891
6894
6904
6920
6932
6939
6953
6971
6975
6987
6999
7010
7032
7033
7061
7083
7085
7103
7106
7125
7126
7129
7134
7139
7158
7188
7204
7212
7220
7221
7233
7253
7258
7276
7288
7303
7304
7320
7322
7323
7354
7367
7379
7380
7382
7391
7392
7399
7408
7430
7436
7437
7480
7520
7527
7544
7556
7558
7559
7581
7592
7598
7658
7669
7685
7721
7731
7738
7747
7748
7760
7762
7775
7776
7778
7781
7785
7790
7794
7802
7805
7814
7816
7819
7824
7825
7832
7836
7868
7881
7884
7889
7894
7918
7919
7930
7955
7974
7984
7986
7987
7991
7998
8007
8009
8017
8021
8022
8030
8045
8059
8060
8080
8082
8087
8099
8115
8116
8137
8160
8180
8181
8187
8208
8233
8241
8254
8263
8265
8273
8280
8281
8304
8305
8308
8350
8363
8364
8377
8383
8384
8386
8406
8411
8416
8418
8432
8442
8444
8449
8450
8467
8471
8473
8476
8487
8491
8497
8502
8511
8525
8531
8541
8551
8556
8562
8578
8580
8590
8605
8635
8640
8641
8645
8649
8662
8664
8667
8679
8706
8707
8709
8723
8759
8776
8783
8808
8811
8823
8827
8843
8859
8860
8868
8876
8881
8903
8909
8913
8918
8940
8941
8953
8981
8984
8989
8996
9014
9021
9022
9025
9030
9041
9054
9102
9122
9134
9157
9173
9177
9188
9193
9196
9199
9210
9216
9252
9254
9265
9269
9271
9274
9278
9281
9282
9294
9296
9309
9314
9315
9319
9328
9329
9345
9364
9368
9385
9401
9415
9430
9440
9471
9481
9482
9489
9491
9505
9509
9540
9543
9547
9554
9557
9570
9583
9596
9607
9622
9640
9654
9659
9662
9665
9690
9692
9714
9738
9739
9741
9749
9750
9752
9771
9772
9776
9791
9792
9795
9799
9810
9812
9839
9862
9863
9868
9906
9921
9926
9931
9952
9982
9985
9991
9993
10010
10012
10018
10029
10032
10054
10055
10059
10062
10064
10083
10085
10105
10107
10108
10115
10130
10134
10153
10162
10177
10183
10190
10194
10195
10214
10227
10229
10251
10252
10264
10266
10278
10279
10308
10311
10326
10342
10348
10349
10359
10379
10389
10398
10400
10408
10414
10418
10426
10428
10431
10433
10434
10436
10451
10454
10473
10480
10489
10493
10495
10508
10519
10523
10543
10545
10548
10564
10576
10577
10579
10588
10610
10632
10633
10647
10651
10662
10671
10692
10693
10708
10710
10713
10715
10719
10729
10735
10736
10744
10745
10749
10753
10754
10760
10766
10770
10771
10789
10796
10800
10805
10817
10821
10824
10827
10839
10844
10887
10889
10892
10935
10937
10943
10956
10964
10965
10986
10987
10991
11011
11020
11064
11071
11082
11088
11093
11100
11113
11125
11132
11133
11161
11199
11216
11223
11245
11253
11269
11281
11329
11332
11337
11350
11353
11366
11378
11381
11386
11387
11402
11405
11407
11409
11410
11453
11464
11466
11468
11495
11505
11518
11527
11534
11539
11551
11553
11578
11581
11583
11610
11639
11653
11661
11669
11678
11693
11697
11717
11743
11747
11751
11754
11755
11760
11767
11789
11790
11812
11816
11827
11831
11844
11847
11890
11894
11896
11901
11903
11906
11911
11914
11938
11958
11967
12004
12009
12014
12015
12019
12021
12035
12071
12073
12112
12117
12138
12152
12155
12167
12187
12190
12194
12198
12202
12205
12220
12223
12253
12257
12277
12299
12302
12308
12314
12346
12348
12357
12376
12383
12388
12404
12408
12421
12444
12449
12456
12492
12496
12501
12507
12512
12515
12518
12525
12528
12549
12564
12588
12593
12598
12599
12600
12611
12616
12633
12638
12647
12653
12654
12668
12681
12686
12687
12701
12705
12707
12718
12744
12751
12754
12772
12792
12803
12810
12813
12819
12822
12841
12844
12853
12858
12864
12871
12904
12907
12908
12923
12924
12938
12955
12958
12961
12976
12993
12994
13006
13039
13054
13061
13074
13097
13102
13104
13109
13110
13113
13125
13126
13128
13133
13138
13170
13174
13182
13190
13191
13203
13216
13225
13232
13235
13236
13248
13256
13259
13263
13296
13303
13311
13320
13325
13350
13361
13362
13382
13411
13422
13436
13439
13440
13442
13460
13461
13465
13469
13471
13487
13495
13499
13511
13530
13534
13540
13542
13544
13545
13564
13571
13590
13600
13628
13634
13643
13645
13654
13660
13670
13686
13692
13693
13698
13703
13708
13711
13720
13735
13749
13756
13776
13795
13796
13803
13813
13817
13818
13835
13836
13850
13858
13866
13875
13884
13885
13902
13903
13907
13914
13923
13954
13955
13957
13989
13991
14002
14005
14006
14014
14027
14031
14044
14046
14047
14049
14077
14085
14108
14139
14143
14150
14154
14156
14180
14189
14201
14204
14207
14218
14232
14237
14255
14256
14267
14268
14271
14292
14318
14328
14334
14340
14345
14347
14349
14373
14374
14385
14391
14399
14409
14429
14430
14436
14445
14453
14460
14465
14481
14502
14537
14541
14588
14596
14603
14604
14607
14624
14625
14627
14637
14642
14655
14664
14677
14685
14709
14716
14722
14743
14760
14768
14771
14811
14819
14825
14844
14849
14856
14874
14886
14889
14892
14907
14908
14916
14956
14964
14966
14976
14999
15008
15013
15029
15045
15051
15075
15081
15084
15117
15119
15120
15159
15162
15178
15190
15203
15215
15223
15234
15236
15241
15243
15256
15272
15290
15300
15321
15330
15347
15361
15381
15383
15385
15391
15407
15413
15431
15439
15443
15458
15462
15467
15470
15491
15494
15495
15509
15524
15531
15534
15546
15561
15582
15583
15588
15596
15608
15612
15614
15618
15625
15633
15657
15666
15751
15755
15757
15770
15773
15774
15812
15814
15822
15833
15849
15852
15881
15883
15901
15903
15913
15915
15933
15934
15943
15946
15950
15962
15969
15971
15972
15983
15996
15998
16020
16022
16026
16040
16043
16055
16067
16072
16090
16097
16100
16101
16106
16124
16152
16174
16185
16197
16208
16217
16227
16231
16232
16233
16261
16268
16282
16295
16324
16326
16335
16340
16344
16347
16350
16365
16371
16372
16380
16397
16399
16403
16413
16419
16423
16453
16460
16461
16465
16468
16472
16473
16480
16488
16500
16556
16566
16570
16584
16603
16617
16621
16622
16630
16636
16638
16642
16647
16672
16689
16703
16705
16712
16718
16728
16745
16756
16765
16777
16778
16788
16809
16812
16814
16820
16825
16835
16858
16884
16899
16908
16937
16938
16949
16954
16958
16971
16977
16991
17002
17006
17008
17018
17025
17041
17055
17058
17068
17072
17074
17089
17093
17103
17106
17107
17110
17118
17125
17126
17130
17136
17147
17151
17154
17157
17170
17172
17174
17192
17209
17213
17221
17231
17232
17238
17241
17243
17263
17272
17275
17301
17327
17335
17339
17349
17380
17390
17403
17411
17420
17424
17436
17445
17470
17471
17477
17486
17495
17503
17512
17514
17515
17521
17538
17580
17586
17593
17601
17603
17613
17621
17628
17632
17638
17643
17651
17673
17679
17687
17719
17723
17727
17728
17740
17752
17820
17823
17848
17858
17865
17871
17873
17877
17880
17891
17898
17919
17929
17938
17949
17953
17960
17967
17969
17977
17978
17985
17986
18029
18041
18082
18090
18091
18093
18096
18104
18107
18113
18115
18119
18121
18136
18164
18191
18208
18209
18226
18227
18240
18246
18248
18254
18272
18281
18285
18292
18304
18307
18316
18328
18371
18382
18414
18431
18450
18452
18453
18455
18460
18476
18478
18496
18500
18501
18502
18508
18520
18529
18533
18551
18557
18559
18599
18640
18646
18647
18664
18667
18669
18670
18695
18707
18717
18718
18738
18741
18781
18852
18864
18878
18880
18900
18902
18905
18915
18936
18948
18956
18960
18962
18974
18978
19001
19007
19038
19060
19062
19073
19101
19114
19124
19142
19147
19161
19163
19165
19185
19188
19193
19205
19210
19231
19234
19243
19245
19247
19253
19256
19259
19277
19278
19297
19307
19310
19329
19331
19349
19355
19361
19368
19375
19395
19397
19411
19433
19440
19442
19452
19491
19493
19511
19547
19566
19568
19581
19589
19595
19600
19602
19616
19636
19641
19691
19700
19703
19712
19713
19750
19751
19759
19808
19822
19824
19831
19836
19859
19864
19874
19876
19899
19900
19924
19927
19940
19953
19969
19978
19980
19983
19990
20002
20004
20013
20063
20064
20096
20097
20116
20130
20143
20148
20155
20159
20193
20203
20209
20212
20222
20224
20259
20271
20278
20279
20280
20317
20318
20335
20342
20345
20348
20366
20380
20404
20409
20417
20454
20466
20467
20475
20479
20480
20498
20502
20514
20526
20532
20610
20612
20623
20636
20638
20639
20660
20675
20681
20685
20688
20706
20727
20730
20740
20752
20755
20756
20762
20763
20765
20775
20781
20785
20806
20811
20825
20832
20867
20869
20875
20918
20922
20923
20928
20932
20956
20974
20979
20982
20998
21030
21033
21034
21056
21060
21070
21081
21090
21092
21101
21122
21128
21129
21130
21136
21137
21138
21154
21167
21170
21173
21183
21198
21205
21223
21236
21239
21243
21255
21293
21319
21337
21356
21359
21420
21455
21471
21474
21480
21482
21504
21521
21549
21553
21563
21566
21581
21636
21642
21651
21653
21679
21719
21722
21734
21747
21761
21766
21781
21787
21795
21815
21836
21842
21844
21848
21855
21869
21880
21894
21919
21932
21937
21968
21971
21973
21974
21988
22005
22017
22020
22023
22031
22051
22055
22090
22093
22097
22114
22118
22141
22160
22188
22210
22218
22220
22222
22227
22232
22235
22236
22242
22249
22255
22275
22277
22292
22305
22309
22320
22321
22329
22333
22347
22348
22355
22359
22372
22380
22381
22385
22390
22393
22394
22401
22402
22419
22424
22425
22433
22438
22445
22455
22461
22481
22502
22518
22523
22526
22536
22545
22548
22595
22597
22601
22608
22611
22624
22651
22652
22704
22712
22723
22735
22745
22754
22760
22762
22764
22765
22768
22858
22872
22888
22900
22901
22906
22929
22932
22934
22953
22954
22967
22981
22989
23006
23010
23012
23022
23025
23028
23032
23036
23038
23050
23057
23069
23071
23079
23084
23090
23130
23138
23143
23145
23146
23147
23165
23166
23190
23193
23206
23210
23219
23228
23229
23249
23274
23287
23288
23290
23292
23317
23323
23330
23334
23350
23359
23370
23373
23380
23390
23395
23403
23407
23409
23414
23428
23438
23446
23450
23460
23470
23505
23508
23518
23528
23561
23572
23579
23586
23605
23609
23624
23648
23654
23657
23658
23667
23687
23699
23701
23703
23708
23715
23720
23743
23750
23756
23765
23783
23810
23813
23819
23821
23824
23852
23854
23855
23861
23892
23905
23912
23938
23953
23957
23958
23979
23983
23997
24003
24009
24020
24040
24045
24049
24053
24059
24061
24075
24077
24086
24091
24092
24109
24123
24132
24168
24172
24181
24193
24202
24228
24238
24263
24293
24299
24306
24320
24328
24329
24334
24335
24353
24364
24369
24408
24432
24446
24452
24462
24463
24467
24470
24482
24487
24494
24501
24505
24511
24526
24527
24529
24536
24537
24546
24548
24551
24560
24570
24580
24595
24615
24662
24673
24675
24687
24698
24712
24715
24720
24735
24739
24742
24753
24771
24807
24817
24824
24848
24863
24865
24882
24885
24904
24912
24925
24943
24944
24957
24966
24974
24977
24983
24985
25009
25038
25051
25056
25059
25072
25083
25085
25099
25103
25115
25118
25135
25148
25153
25155
25173
25192
25195
25196
25205
25211
25230
25235
25237
25248
25249
25286
25323
25325
25328
25355
25358
25367
25368
25375
25380
25383
25421
25438
25445
25462
25464
25475
25482
25487
25513
25526
25530
25548
25552
25572
25581
25589
25603
25632
25640
25648
25655
25658
25665
25674
25692
25698
25705
25722
25723
25762
25789
25797
25799
25805
25809
25814
25819
25822
25829
25847
25859
25870
25894
25905
25908
25920
25921
25928
25948
25951
25961
25970
25992
25993
25996
26013
26049
26050
26075
26086
26087
26102
26106
26120
26153
26188
26194
26195
26198
26202
26230
26243
26251
26273
26275
26278
26298
26301
26337
26340
26349
26351
26359
26370
26375
26396
26404
26407
26439
26443
26464
26486
26510
26516
26529
26531
26547
26559
26581
26584
26586
26595
26600
26603
26616
26622
26634
26638
26646
26659
26699
26715
26724
26731
26732
26757
26763
26777
26796
26797
26810
26819
26820
26830
26836
26837
26838
26869
26891
26892
26901
26918
26932
26941
26965
26971
26974
26975
26987
26992
27002
27015
27024
27025
27036
27047
27048
27067
27090
27091
27092
27104
27120
27131
27138
27153
27163
27176
27204
27206
27241
27263
27265
27274
27277
27278
27281
27292
27294
27298
27310
27347
27352
27365
27382
27389
27392
27404
27414
27415
27422
27434
27436
27469
27482
27483
27490
27498
27500
27501
27502
27503
27514
27529
27530
27533
27552
27553
27554
27563
27571
27578
27579
27582
27592
27593
27616
27623
27624
27631
27644
27653
27667
27671
27673
27705
27711
27719
27724
27726
27731
27741
27742
27744
27752
27771
27772
27794
27810
27817
27827
27829
27837
27847
27853
27861
27877
27894
27901
27904
27905
27914
27921
27929
27931
27937
27939
27944
27959
27974
27978
27994
27996
27998
28009
28020
28022
28025
28027
28033
28038
28059
28063
28066
28068
28073
28075
28109
28112
28119
28120
28129
28139
28143
28146
28159
28181
28183
28208
28220
28231
28237
28239
28283
28289
28290
28309
28330
28342
28349
28356
28375
28381
28400
28425
28443
28444
28464
28467
28471
28472
28486
28498
28521
28530
28535
28539
28559
28564
28567
28569
28589
28599
28604
28627
28635
28656
28660
28661
28693
28696
28738
28741
28753
28761
28801
28812
28830
28832
28844
28851
28925
28950
28954
28962
28968
28997
29000
29021
29025
29029
29033
29039
29049
29052
29057
29060
29067
29069
29070
29071
29077
29079
29082
29100
29102
29110
29123
29130
29142
29146
29154
29165
29177
29196
29199
29207
29211
29229
29238
29256
29263
29282
29294
29328
29346
29349
29355
29371
29375
29401
29404
29448
29450
29453
29475
29480
29485
29494
29497
29502
29524
29535
29541
29545
29552
29562
29569
29570
29587
29600
29615
29624
29630
29634
29640
29660
29663
29665
29677
29678
29681
29693
29711
29715
29718
29729
29733
29739
29752
29753
29770
29782
29790
29804
29823
29850
29861
29863
29868
29871
29877
29883
29898
29926
29935
29946
29984
29988
29989
