-1199
-1197
-1195
-1191
-1190
-1188
-1187
-1186
-1178
-1175
-1174
-1173
-1171
-1169
-1168
-1167
-1166
-1164
-1163
-1162
-1161
-1160
-1159
-1157
-1154
-1153
-1152
-1147
-1146
-1145
-1144
-1143
-1141
-1140
-1139
-1138
-1137
-1136
-1134
-1132
-1130
-1128
-1127
-1125
-1124
-1123
-1122
-1121
-1120
-1119
-1118
-1117
-1113
-1112
-1110
-1108
-1107
-1106
-1105
-1102
-1099
-1098
-1094
-1092
-1090
-1089
-1088
-1086
-1085
-1084
-1083
-1082
-1081
-1080
-1079
-1078
-1077
-1075
-1074
-1072
-1071
-1070
-1068
-1067
-1066
-1065
-1064
-1063
-1058
-1057
-1055
-1053
-1052
-1049
-1048
-1046
-1045
-1044
-1042
-1040
-1039
-1036
-1035
-1033
-1032
-1030
-1028
-1027
-1025
-1024
-1022
-1021
-1019
-1014
-1012
-1011
-1010
-1009
-1006
-1003
-1002
-999
-998
-997
-996
-995
-994
-993
-991
-990
-988
-987
-986
-985
-984
-983
-982
-981
-977
-976
-973
-971
-970
-969
-968
-967
-962
-960
-959
-958
-957
-956
-953
-952
-949
-947
-946
-944
-943
-941
-938
-937
-936
-935
-934
-932
-929
-928
-927
-923
-922
-920
-917
-916
-915
-913
-911
-910
-909
-908
-907
-905
-904
-903
-902
-901
-900
-899
-898
-897
-896
-894
-893
-892
-891
-889
-887
-880
-879
-878
-877
-873
-872
-871
-870
-868
-867
-866
-864
-859
-856
-850
-845
-843
-840
-839
-836
-835
-834
-833
-832
-831
-830
-829
-826
-823
-822
-821
-820
-817
-815
-813
-812
-811
-810
-808
-807
-805
-804
-803
-797
-796
-795
-794
-790
-789
-788
-786
-785
-783
-781
-780
-777
-776
-775
-773
-771
-770
-769
-768
-767
-766
-764
-763
-761
-760
-756
-752
-751
-749
-747
-744
-742
-740
-739
-736
-735
-733
-731
-730
-727
-723
-722
-721
-720
-719
-718
-716
-713
-708
-706
-705
-704
-703
-701
-699
-698
-697
-695
-694
-693
-688
-687
-685
-680
-679
-678
-674
-670
-669
-666
-665
-663
-661
-660
-659
-657
-651
-650
-649
-645
-644
-642
-640
-639
-638
-637
-634
-632
-631
-629
-627
-625
-624
-623
-621
-620
-618
-617
-615
-611
-610
-607
-606
-604
-602
-601
-600
-599
-597
-596
-595
-591
-589
-587
-585
-582
-577
-576
-575
-573
-572
-570
-569
-568
-566
-565
-564
-561
-560
-559
-558
-557
-556
-555
-554
-552
-551
-549
-548
-546
-545
-544
-543
-541
-540
-534
-533
-532
-531
-529
-528
-527
-526
-524
-517
-516
-515
-514
-511
-510
-509
-508
-507
-505
-504
-502
-500
-499
-498
-497
-497
-496
-495
-494
-493
-492
-491
-490
-489
-488
-487
-486
-486
-485
-484
-484
-483
-482
-481
-480
-479
-478
-477
-476
-475
-475
-474
-473
-472
-472
-471
-470
-470
-469
-468
-467
-467
-466
-465
-464
-463
-463
-462
-461
-460
-459
-459
-458
-457
-456
-456
-455
-454
-454
-453
-452
-451
-450
-449
-448
-447
-446
-445
-444
-444
-443
-442
-442
-441
-440
-439
-439
-438
-437
-436
-435
-434
-433
-432
-431
-430
-429
-428
-427
-426
-425
-424
-423
-422
-421
-420
-420
-419
-418
-417
-416
-415
-414
-413
-413
-412
-411
-411
-410
-409
-408
-408
-407
-406
-406
-405
-404
-403
-402
-402
-401
-400
-399
-398
-398
-397
-396
-395
-395
-394
-393
-392
-392
-391
-390
-389
-388
-387
-387
-386
-385
-384
-383
-383
-382
-381
-380
-380
-379
-378
-377
-376
-376
-375
-374
-373
-372
-371
-370
-369
-368
-367
-366
-365
-364
-363
-363
-362
-361
-360
-359
-358
-357
-356
-356
-355
-354
-354
-353
-352
-351
-351
-350
-349
-348
-347
-346
-346
-345
-344
-343
-343
-342
-341
-340
-340
-339
-338
-337
-336
-335
-335
-334
-333
-333
-332
-331
-330
-329
-328
-327
-326
-325
-324
-323
-322
-322
-321
-320
-319
-319
-318
-317
-317
-316
-315
-314
-314
-313
-312
-311
-311
-310
-309
-308
-307
-306
-305
-304
-303
-302
-301
-300
-299
-298
-297
-296
-295
-294
-293
-292
-291
-290
-290
-289
-288
-287
-286
-285
-284
-283
-282
-281
-280
-279
-278
-278
-277
-276
-276
-275
-274
-274
-273
-272
-271
-270
-269
-268
-267
-266
-265
-264
-263
-262
-262
-261
-260
-259
-258
-258
-257
-256
-255
-255
-254
-253
-252
-252
-251
-250
-250
-249
-248
-247
-247
-246
-245
-245
-244
-243
-242
-242
-241
-240
-240
-239
-238
-237
-237
-236
-235
-234
-233
-232
-231
-230
-229
-228
-227
-226
-225
-224
-224
-223
-222
-221
-220
-220
-219
-218
-218
-217
-216
-215
-214
-213
-212
-211
-210
-210
-209
-208
-207
-207
-206
-205
-204
-203
-203
-202
-201
-200
-200
-199
-198
-197
-196
-195
-194
-194
-193
-192
-192
-191
-190
-189
-188
-187
-187
-186
-185
-184
-184
-183
-182
-181
-181
-180
-179
-178
-178
-177
-176
-175
-174
-174
-173
-172
-171
-170
-169
-168
-167
-166
-165
-165
-164
-163
-162
-161
-160
-159
-158
-157
-156
-155
-155
-154
-153
-152
-151
-150
-149
-148
-147
-146
-145
-144
-143
-143
-142
-141
-140
-139
-138
-138
-137
-136
-135
-135
-134
-133
-132
-131
-130
-130
-129
-128
-127
-127
-126
-125
-125
-124
-123
-122
-121
-121
-120
-119
-119
-118
-117
-116
-116
-115
-114
-113
-112
-112
-111
-110
-109
-108
-107
-106
-106
-105
-104
-104
-103
-102
-101
-101
-100
-99
-98
-97
-96
-95
-95
-94
-93
-92
-91
-90
-90
-89
-88
-87
-86
-86
-85
-84
-83
-82
-81
-80
-79
-78
-77
-76
-75
-74
-74
-73
-72
-72
-71
-70
-70
-69
-68
-67
-67
-66
-65
-64
-64
-63
-62
-62
-61
-60
-59
-58
-57
-56
-56
-55
-54
-53
-52
-51
-50
-49
-48
-47
-46
-46
-45
-44
-43
-43
-42
-41
-40
-40
-39
-38
-38
-37
-36
-35
-34
-33
-32
-31
-31
-30
-29
-28
-28
-27
-26
-25
-24
-24
-23
-22
-21
-20
-20
-19
-18
-18
-17
-16
-16
-15
-14
-14
-13
-12
-11
-10
-9
-8
-7
-6
-5
-4
-3
-3
-2
-1
0
0.1
0.11
0.2
0.3
0.4
0.5
0.6
1
2
3
4
5
6
7
8
8
9
10
11
11
12
13
14
14
15
16
17
17
18
19
19
20
21
21
22
23
24
24
25
26
27
28
29
30
31
31
32
33
34
35
35
36
37
38
39
40
41
42
43
44
45
46
47
47
48
49
50
50
51
52
52
53
54
55
56
56
57
58
59
60
61
62
62
63
64
65
66
67
67
68
69
70
71
72
73
74
75
75
76
77
77
78
79
80
81
81
82
83
84
84
85
86
86
87
88
88
89
90
91
92
93
94
95
96
97
98
99
100
100
101
102
103
103
104
105
105
106
107
108
109
110
111
111
112
113
114
115
116
117
118
119
120
121
122
123
124
125
126
126
127
128
128
129
130
130
131
132
133
134
135
135
136
137
137
138
139
139
140
141
142
143
143
144
145
146
146
147
148
149
150
151
152
152
153
154
155
156
156
157
158
159
160
161
162
163
164
165
166
167
168
169
169
170
171
172
173
174
175
176
177
178
179
180
181
182
183
184
185
186
186
187
188
189
190
191
191
192
193
193
194
195
195
196
197
197
198
199
199
200
201
202
203
204
204
205
206
206
207
208
208
209
210
210
211
212
213
214
215
216
217
218
219
220
221
222
223
224
225
226
227
228
229
229
230
231
232
233
234
235
235
236
237
238
239
239
240
241
242
243
244
244
245
246
247
248
249
250
251
252
253
254
254
255
256
257
258
259
259
260
261
262
262
263
264
264
265
266
266
267
268
269
270
271
272
273
274
275
276
277
278
278
279
280
281
282
283
284
285
286
287
288
289
290
290
291
292
293
294
295
296
297
298
299
300
301
301
302
303
304
305
305
306
307
308
309
309
310
311
311
312
313
313
314
315
316
317
318
319
320
321
321
322
323
323
324
325
326
326
327
328
329
330
331
332
333
334
335
335
336
337
338
338
339
340
341
342
343
344
345
346
347
347
348
349
350
350
351
352
352
353
354
354
355
356
356
357
358
359
360
361
362
363
363
364
365
366
367
368
369
369
370
371
372
373
374
375
376
377
378
379
380
381
382
383
384
384
385
386
387
388
389
390
391
392
393
394
395
396
396
397
398
398
399
400
401
401
402
403
404
405
406
407
407
408
409
409
410
411
412
413
414
414
415
416
417
417
418
419
420
421
422
423
424
425
426
426
427
428
429
429
430
431
432
433
434
435
435
436
437
438
439
440
440
441
442
443
444
444
445
446
446
447
448
449
449
450
451
451
452
453
454
454
455
456
457
457
458
459
460
461
461
462
463
464
464
465
466
466
467
468
469
469
470
471
472
473
474
475
476
476
477
478
478
479
480
480
481
482
483
483
484
485
486
487
488
489
490
491
492
493
494
495
496
497
498
498
499
500
